function d = DataAnova1
d = [143 141 150 146;...
152 149 137 143;...
134 133 132 127;...
129 127 132 129;...
147 148 144 142]';