function d = DataSet82
d = [72 82 97 103 113 117 126 127 127 139 154 159 199 207]';