function [set1, set2] = DataFci
set1 = [41.60 41.48 42.34 41.95 41.86 42.18 41.72 42.26 41.81 42.04];
set2 = [39.72 42.59 41.88 42.00 40.22 41.07 41.90 44.29];